2.1147523e+00
-6.6323876e-01
-1.0044837e+00
1.7901487e+00
-6.4657611e-01
-3.6821956e-01
1.2435680e-01
-8.4651158e-01
1.6072006e+00
5.8160388e-01
3.6341527e-01
-1.1501345e+00
2.5789880e-01
1.0592270e+00
1.4366048e+00
5.9429669e-01
6.5873068e-01
1.1868889e+00
-4.8149210e-01
-2.8628601e-01
6.9385791e-01
4.4405480e-01
1.7155554e-01
-5.4094462e-01
-1.6337246e+00
-1.1412388e+00
1.4807271e+00
-9.3844994e-01
7.7074415e-01
-3.2534151e-01
7.8736579e-01
-2.4052130e+00
1.0053522e+00
-2.0929257e-01
1.7552931e-01
-6.2981312e-01
-2.1646631e+00
4.8098491e-01
-1.4207264e-01
8.1854221e-01
1.0988599e+00
5.2599935e-01
-1.1724230e+00
-8.7505965e-01
-1.2134556e+00
1.6428224e+00
5.6009427e-02
-6.5905610e-01
8.5624095e-01
-3.0360481e-01
1.3629081e-01
8.9642474e-01
-1.7721918e+00
2.1133037e-01
4.1989536e-01
-7.7934232e-01
-7.9668157e-01
-7.9180342e-02
-1.8299150e+00
-1.4509453e-01
1.9814307e-01
5.5784611e-01
